
1. PROBLEM SETUP:

N = 2

NZ = 1

ZON:
NO.	S_T	S_S
1	1.0000	0.9500

NR_X = 1

XDOM:
No.	LEN	NODES
1	1.00	5

NR_Y = 1

YDOM:
NO.	LEN	NODES
1	1.00	5

ZMAP:
1	

Q_MAP:
1.0000	

BOUNDARY_CONDITIONS =
1. Vacuum
2. Vacuum
3. Vacuum
4. Vacuum

TOL = 1.0000e-05



2. QUADRATURE SETUP:

M	 MIU		 THETA		 W
1	 0.57735027	 0.57735027	 1.00000000
2	-0.57735027	 0.57735027	 1.00000000
3	-0.57735027	-0.57735027	 1.00000000
4	 0.57735027	-0.57735027	 1.00000000


3. ITERATIVE PROCESS:

ITER	MAX_ERR (MFLUX)
0	1.00000e+00
1	2.96777e-01
2	1.06931e-01
3	4.08522e-02
4	1.59417e-02
5	6.27088e-03
6	2.47417e-03
7	9.77265e-04
8	3.86159e-04
9	1.52607e-04
10	6.03117e-05
11	2.38358e-05
12	9.42015e-06
CPU TIME = 6.00000e-03



4. POST - PROCESSING:

SCALAR FLUX PER REGION =
	RX_1	
RY_1	 6.45612e-01	

ABSORPTION RATE PER REGION =
	RX_1	
RY_1	 3.22806e-02	

LEAKAGE =
LEFT		BOTTOM		RIGHT		TOP
-4.8386e-01	-4.8386e-01	4.8386e-01	4.8386e-01	

{
"STATUS": 0,
"ITER": 12,
"CPU": 6.0000000000e-03,
"MFLUX": [
[ 4.7031781539e-01, 5.7259518430e-01, 5.9279197288e-01, 5.7259518430e-01, 4.7031781539e-01 ],
[ 5.7259518430e-01, 7.6549451141e-01, 8.2828284525e-01, 7.6549451141e-01, 5.7259518430e-01 ],
[ 5.9279197288e-01, 8.2828284525e-01, 9.3198119589e-01, 8.2828284525e-01, 5.9279197288e-01 ],
[ 5.7259518430e-01, 7.6549451141e-01, 8.2828284525e-01, 7.6549451141e-01, 5.7259518430e-01 ],
[ 4.7031781539e-01, 5.7259518430e-01, 5.9279197288e-01, 5.7259518430e-01, 4.7031781539e-01 ]
],
"MFLOW": [
[
[ 1.1715696134e-01, 2.3115198252e-01, 2.3485333102e-01, 2.3458835186e-01, 2.2718662067e-01 ],
[ 2.3115198252e-01, 5.5496734522e-01, 6.5678717606e-01, 6.5620739447e-01, 6.2955974265e-01 ],
[ 2.3485333102e-01, 6.5678717606e-01, 9.3198119589e-01, 9.9977851444e-01, 9.5073061474e-01 ],
[ 2.3458835186e-01, 6.5620739447e-01, 9.9977851444e-01, 1.1945959115e+00, 1.1950806602e+00 ],
[ 2.2718662067e-01, 6.2955974265e-01, 9.5073061474e-01, 1.1950806602e+00, 1.3097410589e+00 ]
],
[
[ 2.2718662067e-01, 2.3458835186e-01, 2.3485333102e-01, 2.3115198252e-01, 1.1715696134e-01 ],
[ 6.2955974265e-01, 6.5620739447e-01, 6.5678717606e-01, 5.5496734522e-01, 2.3115198252e-01 ],
[ 9.5073061474e-01, 9.9977851444e-01, 9.3198119589e-01, 6.5678717606e-01, 2.3485333102e-01 ],
[ 1.1950806602e+00, 1.1945959115e+00, 9.9977851444e-01, 6.5620739447e-01, 2.3458835186e-01 ],
[ 1.3097410589e+00, 1.1950806602e+00, 9.5073061474e-01, 6.2955974265e-01, 2.2718662067e-01 ]
],
[
[ 1.3097410589e+00, 1.1950806602e+00, 9.5073061474e-01, 6.2955974265e-01, 2.2718662067e-01 ],
[ 1.1950806602e+00, 1.1945959115e+00, 9.9977851444e-01, 6.5620739447e-01, 2.3458835186e-01 ],
[ 9.5073061474e-01, 9.9977851444e-01, 9.3198119589e-01, 6.5678717606e-01, 2.3485333102e-01 ],
[ 6.2955974265e-01, 6.5620739447e-01, 6.5678717606e-01, 5.5496734522e-01, 2.3115198252e-01 ],
[ 2.2718662067e-01, 2.3458835186e-01, 2.3485333102e-01, 2.3115198252e-01, 1.1715696134e-01 ]
],
[
[ 2.2718662067e-01, 6.2955974265e-01, 9.5073061474e-01, 1.1950806602e+00, 1.3097410589e+00 ],
[ 2.3458835186e-01, 6.5620739447e-01, 9.9977851444e-01, 1.1945959115e+00, 1.1950806602e+00 ],
[ 2.3485333102e-01, 6.5678717606e-01, 9.3198119589e-01, 9.9977851444e-01, 9.5073061474e-01 ],
[ 2.3115198252e-01, 5.5496734522e-01, 6.5678717606e-01, 6.5620739447e-01, 6.2955974265e-01 ],
[ 1.1715696134e-01, 2.3115198252e-01, 2.3485333102e-01, 2.3458835186e-01, 2.2718662067e-01 ]
]
],
"XFLOW": [
[
[ 0.0000000000e+00, 2.3030061160e-01, 2.3389964903e-01, 2.3570829076e-01, 2.3159991871e-01, 2.1511575394e-01 ],
[ 0.0000000000e+00, 4.5117130747e-01, 6.5421026683e-01, 6.5909733153e-01, 6.4742508214e-01, 6.0074827874e-01 ],
[ 0.0000000000e+00, 4.5832602847e-01, 8.4490820996e-01, 1.0100406522e+00, 9.8037470355e-01, 9.1122452536e-01 ],
[ 0.0000000000e+00, 4.5768832369e-01, 8.4036790998e-01, 1.1426874199e+00, 1.2349394618e+00, 1.1465524301e+00 ],
[ 0.0000000000e+00, 4.3896999592e-01, 8.0240464769e-01, 1.0837023306e+00, 1.2929450182e+00, 1.3166840049e+00 ]
],
[
[ 2.1511575394e-01, 2.3159991871e-01, 2.3570829076e-01, 2.3389964903e-01, 2.3030061160e-01, 0.0000000000e+00 ],
[ 6.0074827874e-01, 6.4742508214e-01, 6.5909733153e-01, 6.5421026683e-01, 4.5117130747e-01, 0.0000000000e+00 ],
[ 9.1122452536e-01, 9.8037470355e-01, 1.0100406522e+00, 8.4490820996e-01, 4.5832602847e-01, 0.0000000000e+00 ],
[ 1.1465524301e+00, 1.2349394618e+00, 1.1426874199e+00, 8.4036790998e-01, 4.5768832369e-01, 0.0000000000e+00 ],
[ 1.3166840049e+00, 1.2929450182e+00, 1.0837023306e+00, 8.0240464769e-01, 4.3896999592e-01, 0.0000000000e+00 ]
],
[
[ 1.3166840049e+00, 1.2929450182e+00, 1.0837023306e+00, 8.0240464769e-01, 4.3896999592e-01, 0.0000000000e+00 ],
[ 1.1465524301e+00, 1.2349394618e+00, 1.1426874199e+00, 8.4036790998e-01, 4.5768832369e-01, 0.0000000000e+00 ],
[ 9.1122452536e-01, 9.8037470355e-01, 1.0100406522e+00, 8.4490820996e-01, 4.5832602847e-01, 0.0000000000e+00 ],
[ 6.0074827874e-01, 6.4742508214e-01, 6.5909733153e-01, 6.5421026683e-01, 4.5117130747e-01, 0.0000000000e+00 ],
[ 2.1511575394e-01, 2.3159991871e-01, 2.3570829076e-01, 2.3389964903e-01, 2.3030061160e-01, 0.0000000000e+00 ]
],
[
[ 0.0000000000e+00, 4.3896999592e-01, 8.0240464769e-01, 1.0837023306e+00, 1.2929450182e+00, 1.3166840049e+00 ],
[ 0.0000000000e+00, 4.5768832369e-01, 8.4036790998e-01, 1.1426874199e+00, 1.2349394618e+00, 1.1465524301e+00 ],
[ 0.0000000000e+00, 4.5832602847e-01, 8.4490820996e-01, 1.0100406522e+00, 9.8037470355e-01, 9.1122452536e-01 ],
[ 0.0000000000e+00, 4.5117130747e-01, 6.5421026683e-01, 6.5909733153e-01, 6.4742508214e-01, 6.0074827874e-01 ],
[ 0.0000000000e+00, 2.3030061160e-01, 2.3389964903e-01, 2.3570829076e-01, 2.3159991871e-01, 2.1511575394e-01 ]
]
],
"YFLOW": [
[
[ 0.0000000000e+00, 0.0000000000e+00, 0.0000000000e+00, 0.0000000000e+00, 0.0000000000e+00 ],
[ 2.3030061160e-01, 4.5117130747e-01, 4.5832602847e-01, 4.5768832369e-01, 4.3896999592e-01 ],
[ 2.3389964903e-01, 6.5421026683e-01, 8.4490820996e-01, 8.4036790998e-01, 8.0240464769e-01 ],
[ 2.3570829076e-01, 6.5909733153e-01, 1.0100406522e+00, 1.1426874199e+00, 1.0837023306e+00 ],
[ 2.3159991871e-01, 6.4742508214e-01, 9.8037470355e-01, 1.2349394618e+00, 1.2929450182e+00 ],
[ 2.1511575394e-01, 6.0074827874e-01, 9.1122452536e-01, 1.1465524301e+00, 1.3166840049e+00 ]
],
[
[ 0.0000000000e+00, 0.0000000000e+00, 0.0000000000e+00, 0.0000000000e+00, 0.0000000000e+00 ],
[ 4.3896999592e-01, 4.5768832369e-01, 4.5832602847e-01, 4.5117130747e-01, 2.3030061160e-01 ],
[ 8.0240464769e-01, 8.4036790998e-01, 8.4490820996e-01, 6.5421026683e-01, 2.3389964903e-01 ],
[ 1.0837023306e+00, 1.1426874199e+00, 1.0100406522e+00, 6.5909733153e-01, 2.3570829076e-01 ],
[ 1.2929450182e+00, 1.2349394618e+00, 9.8037470355e-01, 6.4742508214e-01, 2.3159991871e-01 ],
[ 1.3166840049e+00, 1.1465524301e+00, 9.1122452536e-01, 6.0074827874e-01, 2.1511575394e-01 ]
],
[
[ 1.3166840049e+00, 1.1465524301e+00, 9.1122452536e-01, 6.0074827874e-01, 2.1511575394e-01 ],
[ 1.2929450182e+00, 1.2349394618e+00, 9.8037470355e-01, 6.4742508214e-01, 2.3159991871e-01 ],
[ 1.0837023306e+00, 1.1426874199e+00, 1.0100406522e+00, 6.5909733153e-01, 2.3570829076e-01 ],
[ 8.0240464769e-01, 8.4036790998e-01, 8.4490820996e-01, 6.5421026683e-01, 2.3389964903e-01 ],
[ 4.3896999592e-01, 4.5768832369e-01, 4.5832602847e-01, 4.5117130747e-01, 2.3030061160e-01 ],
[ 0.0000000000e+00, 0.0000000000e+00, 0.0000000000e+00, 0.0000000000e+00, 0.0000000000e+00 ]
],
[
[ 2.1511575394e-01, 6.0074827874e-01, 9.1122452536e-01, 1.1465524301e+00, 1.3166840049e+00 ],
[ 2.3159991871e-01, 6.4742508214e-01, 9.8037470355e-01, 1.2349394618e+00, 1.2929450182e+00 ],
[ 2.3570829076e-01, 6.5909733153e-01, 1.0100406522e+00, 1.1426874199e+00, 1.0837023306e+00 ],
[ 2.3389964903e-01, 6.5421026683e-01, 8.4490820996e-01, 8.4036790998e-01, 8.0240464769e-01 ],
[ 2.3030061160e-01, 4.5117130747e-01, 4.5832602847e-01, 4.5768832369e-01, 4.3896999592e-01 ],
[ 0.0000000000e+00, 0.0000000000e+00, 0.0000000000e+00, 0.0000000000e+00, 0.0000000000e+00 ]
]
]
}
