
1. PROBLEM SETUP:

N = 2

NZ = 1

ZON:
NO.	S_T	S_S
1	1.0000	0.9500

NR_X = 1

XDOM:
No.	LEN	NODES
1	1.00	5

NR_Y = 1

YDOM:
NO.	LEN	NODES
1	1.00	5

ZMAP:
1	

Q_MAP:
1.0000	

BOUNDARY_CONDITIONS =
1. Vacuum
2. Vacuum
3. Vacuum
4. Vacuum

TOL = 1.0000e-05



2. QUADRATURE SETUP:

M	 MIU		 THETA		 W
1	 0.57735027	 0.57735027	 1.00000000
2	-0.57735027	 0.57735027	 1.00000000
3	-0.57735027	-0.57735027	 1.00000000
4	 0.57735027	-0.57735027	 1.00000000


3. ITERATIVE PROCESS:

ITER	MAX_ERR (MFLUX)
0	1.00000e+00
1	2.92167e-01
2	1.03683e-01
3	3.90846e-02
4	1.50646e-02
5	5.85634e-03
6	2.28427e-03
7	8.92149e-04
8	3.48618e-04
9	1.36254e-04
10	5.32580e-05
11	2.08177e-05
12	8.13741e-06
END 1015
CPU TIME = 1.50000e-02



4. POST - PROCESSING:

SCALAR FLUX PER REGION =
	RX_1	
RY_1	 6.42580e-01	

ABSORPTION RATE PER REGION =
	RX_1	
RY_1	 3.21290e-02	

LEAKAGE =
LEFT		BOTTOM		RIGHT		TOP
-4.8393e-01	-4.8393e-01	4.8393e-01	4.8393e-01	

{
"STATUS": 0,
"ITER": 12,
"CPU": 1.5000000000e-02,
"MFLUX": [
[ 4.6818358553e-01, 5.6826941472e-01, 5.8552578154e-01, 5.6826941472e-01, 4.6818358553e-01 ],
[ 5.6826941472e-01, 7.6429053855e-01, 8.2713244682e-01, 7.6429053855e-01, 5.6826941472e-01 ],
[ 5.8552578154e-01, 8.2713244682e-01, 9.3781669287e-01, 8.2713244682e-01, 5.8552578154e-01 ],
[ 5.6826941472e-01, 7.6429053855e-01, 8.2713244682e-01, 7.6429053855e-01, 5.6826941472e-01 ],
[ 4.6818358553e-01, 5.6826941472e-01, 5.8552578154e-01, 5.6826941472e-01, 4.6818358553e-01 ]
],
"XFLOW": [
[
[ 0.0000000000e+00, 2.3029735503e-01, 2.2709852845e-01, 2.2996659436e-01, 2.2712489018e-01, 2.1219543483e-01 ],
[ 0.0000000000e+00, 4.5739588349e-01, 6.5962333216e-01, 6.5271743640e-01, 6.4377600898e-01, 5.9845052534e-01 ],
[ 0.0000000000e+00, 4.5706512281e-01, 8.5527564575e-01, 1.0203577400e+00, 9.7583127874e-01, 9.0920672462e-01 ],
[ 0.0000000000e+00, 4.5709148453e-01, 8.3940196085e-01, 1.1567870579e+00, 1.2475311441e+00, 1.1419102713e+00 ],
[ 0.0000000000e+00, 4.3932032501e-01, 8.0290620930e-01, 1.0821317941e+00, 1.3073096214e+00, 1.3292210578e+00 ]
],
[
[ 2.1219543483e-01, 2.2712489018e-01, 2.2996659436e-01, 2.2709852845e-01, 2.3029735503e-01, 0.0000000000e+00 ],
[ 5.9845052534e-01, 6.4377600898e-01, 6.5271743640e-01, 6.5962333216e-01, 4.5739588349e-01, 0.0000000000e+00 ],
[ 9.0920672462e-01, 9.7583127874e-01, 1.0203577400e+00, 8.5527564575e-01, 4.5706512281e-01, 0.0000000000e+00 ],
[ 1.1419102713e+00, 1.2475311441e+00, 1.1567870579e+00, 8.3940196085e-01, 4.5709148453e-01, 0.0000000000e+00 ],
[ 1.3292210578e+00, 1.3073096214e+00, 1.0821317941e+00, 8.0290620930e-01, 4.3932032501e-01, 0.0000000000e+00 ]
],
[
[ 1.3292210578e+00, 1.3073096214e+00, 1.0821317941e+00, 8.0290620930e-01, 4.3932032501e-01, 0.0000000000e+00 ],
[ 1.1419102713e+00, 1.2475311441e+00, 1.1567870579e+00, 8.3940196085e-01, 4.5709148453e-01, 0.0000000000e+00 ],
[ 9.0920672462e-01, 9.7583127874e-01, 1.0203577400e+00, 8.5527564575e-01, 4.5706512281e-01, 0.0000000000e+00 ],
[ 5.9845052534e-01, 6.4377600898e-01, 6.5271743640e-01, 6.5962333216e-01, 4.5739588349e-01, 0.0000000000e+00 ],
[ 2.1219543483e-01, 2.2712489018e-01, 2.2996659436e-01, 2.2709852845e-01, 2.3029735503e-01, 0.0000000000e+00 ]
],
[
[ 0.0000000000e+00, 4.3932032501e-01, 8.0290620930e-01, 1.0821317941e+00, 1.3073096214e+00, 1.3292210578e+00 ],
[ 0.0000000000e+00, 4.5709148453e-01, 8.3940196085e-01, 1.1567870579e+00, 1.2475311441e+00, 1.1419102713e+00 ],
[ 0.0000000000e+00, 4.5706512281e-01, 8.5527564575e-01, 1.0203577400e+00, 9.7583127874e-01, 9.0920672462e-01 ],
[ 0.0000000000e+00, 4.5739588349e-01, 6.5962333216e-01, 6.5271743640e-01, 6.4377600898e-01, 5.9845052534e-01 ],
[ 0.0000000000e+00, 2.3029735503e-01, 2.2709852845e-01, 2.2996659436e-01, 2.2712489018e-01, 2.1219543483e-01 ]
]
],
"YFLOW": [
[
[ 0.0000000000e+00, 0.0000000000e+00, 0.0000000000e+00, 0.0000000000e+00, 0.0000000000e+00 ],
[ 2.3029735503e-01, 4.5739588349e-01, 4.5706512281e-01, 4.5709148453e-01, 4.3932032501e-01 ],
[ 2.2709852845e-01, 6.5962333216e-01, 8.5527564575e-01, 8.3940196085e-01, 8.0290620930e-01 ],
[ 2.2996659436e-01, 6.5271743640e-01, 1.0203577400e+00, 1.1567870579e+00, 1.0821317941e+00 ],
[ 2.2712489018e-01, 6.4377600898e-01, 9.7583127874e-01, 1.2475311441e+00, 1.3073096214e+00 ],
[ 2.1219543483e-01, 5.9845052534e-01, 9.0920672462e-01, 1.1419102713e+00, 1.3292210578e+00 ]
],
[
[ 0.0000000000e+00, 0.0000000000e+00, 0.0000000000e+00, 0.0000000000e+00, 0.0000000000e+00 ],
[ 4.3932032501e-01, 4.5709148453e-01, 4.5706512281e-01, 4.5739588349e-01, 2.3029735503e-01 ],
[ 8.0290620930e-01, 8.3940196085e-01, 8.5527564575e-01, 6.5962333216e-01, 2.2709852845e-01 ],
[ 1.0821317941e+00, 1.1567870579e+00, 1.0203577400e+00, 6.5271743640e-01, 2.2996659436e-01 ],
[ 1.3073096214e+00, 1.2475311441e+00, 9.7583127874e-01, 6.4377600898e-01, 2.2712489018e-01 ],
[ 1.3292210578e+00, 1.1419102713e+00, 9.0920672462e-01, 5.9845052534e-01, 2.1219543483e-01 ]
],
[
[ 1.3292210578e+00, 1.1419102713e+00, 9.0920672462e-01, 5.9845052534e-01, 2.1219543483e-01 ],
[ 1.3073096214e+00, 1.2475311441e+00, 9.7583127874e-01, 6.4377600898e-01, 2.2712489018e-01 ],
[ 1.0821317941e+00, 1.1567870579e+00, 1.0203577400e+00, 6.5271743640e-01, 2.2996659436e-01 ],
[ 8.0290620930e-01, 8.3940196085e-01, 8.5527564575e-01, 6.5962333216e-01, 2.2709852845e-01 ],
[ 4.3932032501e-01, 4.5709148453e-01, 4.5706512281e-01, 4.5739588349e-01, 2.3029735503e-01 ],
[ 0.0000000000e+00, 0.0000000000e+00, 0.0000000000e+00, 0.0000000000e+00, 0.0000000000e+00 ]
],
[
[ 2.1219543483e-01, 5.9845052534e-01, 9.0920672462e-01, 1.1419102713e+00, 1.3292210578e+00 ],
[ 2.2712489018e-01, 6.4377600898e-01, 9.7583127874e-01, 1.2475311441e+00, 1.3073096214e+00 ],
[ 2.2996659436e-01, 6.5271743640e-01, 1.0203577400e+00, 1.1567870579e+00, 1.0821317941e+00 ],
[ 2.2709852845e-01, 6.5962333216e-01, 8.5527564575e-01, 8.3940196085e-01, 8.0290620930e-01 ],
[ 2.3029735503e-01, 4.5739588349e-01, 4.5706512281e-01, 4.5709148453e-01, 4.3932032501e-01 ],
[ 0.0000000000e+00, 0.0000000000e+00, 0.0000000000e+00, 0.0000000000e+00, 0.0000000000e+00 ]
]
]
}
